38096024
38096017
38096014
38096007
38095671
38095618
38095605
38095534
38095217
38095146
38094849
38094846
38094840
38094714
38094701
38094602
38094579
38094578
38094543
38094539
38094477
38094460
38094452
38094441
38094435
38094397
38094381
38094355
38094058
38093816
38093781
38093753
38093728
38093615
38093518
38093485
38093459
38093324
38093215
38092997
38092963
38092938
38092844
38092811
38092613
38092531
38092485
38092325
38092190
38091924
38091874
38091862
38091844
38091727
38091615
38091196
38091069
38090840
38090795
38090787
38090765
38090702
38090629
38090582
38090410
38090179
38090144
38089943
38089864
38089860
38089825
38089793
38089691
38089525
38089398
38089104
38089082
38089079
38089040
38089037
38088989
38088928
38088595
38088367
38088362
38088267
38088238
38088176
38087983
38087866
38087719
38087709
38087591
38087379
38087332
38087254
38087052
38086908
38086904
38086743
38086371
38086341
38086138
38085807
38085802
38085712
38085584
38085539
38085351
38085285
38085134
38085079
38084894
38084803
38084508
38084492
38084339
38084173
38084123
38084079
38084046
38084030
38083991
38083840
38083788
38083782
38083748
38083717
38083591
38083579
38083522
38083363
38083333
38083331
38083273
38083271
38083231
38083183
38082930
38082806
38082796
38082672
38082667
38082629
38082372
38082213
38082194
38082029
38081777
38081765
38081678
38081671
38081661
38081554
38081504
38081201
38081150
38079604
38079566
38079552
38079540
38079539
38079535
38079255
38079201
38079174
38078902
38078609
38078302
38078249
38078248
38078218
38078195
38078183
38078170
38078161
38078148
38078051
38077920
38077751
38077663
38077659
38077598
38077591
38077588
38077572
38077564
38077554
38077551
38077548
38077547
38077542
38077538
38077529
38077502
38077272
38077244
38077190
38077172
38077146
38077145
38077140
38077136
38077012
38076919
38076789
38076758
38076697
38076673
38076623
38076472
38076265
38076260
38076258
38076247
38076232
38075950
38075929
38075917
38075737
38075731
38075729
38075708
38075673
38075567
38075473
38075443
38075132
38075086
38075015
38074865
38074793
38074792
38074791
38074784
38074720
38074680
38074627
38074395
38074391
38074372
38074307
38074306
38074300
38074299
38074296
38074179
38074169
38074090
38073980
38073946
38073939
38073925
38073717
38073698
38073674
38073638
38073539
38073535
38073356
38073025
38072820
38072723
38072705
38072505
38072502
38072448
38072335
38072221
38072060
38071872
38071564
38071535
38071181
38071118
38070845
38070597
38070445
38070329
38070234
38070173
38070128
38070003
38069953
38069632
38069455
38069266
38069254
38068830
38068650
38068549
38068536
38068518
38068444
38068432
38068430
38068407
38068379
38068263
38068066
38067989
38067984
38067966
38067961
38067957
38067944
38067930
38067909
38067903
38067895
38067871
38067868
38067857
38067853
38067703
38067702
38067680
38067629
38067593
38067395
38067363
38067334
38067080
38066833
38066814
38066804
38066803
38066795
38066793
38066789
38066778
38066750
38066735
38066734
38066714
38066713
38066624
38066596
38066301
38066215
38066174
38066116
38066112
38066073
38066031
38066016
38066009
38065992
38065821
38065702
38065542
38065509
38065399
38065281
38065024
38065003
38064987
38064848
38064822
38064638
38064442
38064440
38064255
38064244
38064163
38064118
38063957
38063940
38063636
38063208
38063028
38063027
38062853
38062801
38062696
38062641
38062627
38062553
38061907
38061776
38061187
38061074
38061062
38061012
38060978
38060841
38060823
38060821
38060759
38060748
38060504
38060461
38060337
38060307
38060144
38060133
38060101
38059989
38059883
38059758
38059494
38059098
38059047
38058999
38058649
38058644
38058627
38058478
38058420
38058345
38058340
38058315
38058296
38058246
38058211
38058081
38058038
38057947
38057218
38057172
38057106
38056803
38056713
38056656
38056542
38056403
38056315
38056135
38056048
38056024
38056001
38055914
38055891
38055862
38055710
38055652
38055626
38055624
38055558
38055550
38055357
38055323
38055227
38055037
38054902
38054452
38054344
38054236
38054143
38054047
38053972
38053971
38053823
38053742
38053732
38053612
38053601
38053596
38053419
38052793
38052721
38052632
38052611
38052595
38052590
38052568
38052534
38052322
38052202
38052192
38052111
38051932
38051580
38051578
38051572
38051571
38051569
38051500
38051317
38051030
38050940
38050835
38050585
38050581
38050503
38050218
38050067
38049809
38049536
38049534
38049361
38049305
38049301
38049299
38049251
38049250
38049136
38049066
38048990
38048961
38048824
38048821
38048820
38048819
38048535
38048242
38048008
38048000
38047997
38047927
38047848
38047818
38047520
38047451
38047362
38047164
38047163
38047061
38047015
38046901
38046759
38046723
38046675
38046666
38046620
38046562
38046559
38046552
38046549
38046496
38046409
38046408
38046398
38046324
38046089
38046053
38046016
38046002
38045908
38045762
38045681
38045590
38045439
38045425
38045394
38045345
38045111
38045019
38044866
38044755
38044619
38044603
38044602
38044599
38044428
38044298
38044265
38044196
38044057
38044041
38043879
38043857
38043839
38043672
38043630
38043609
38043500
38043471
38043021
38043017
38042910
38042904
38042717
38042683
38042609
38042607
38042596
38042593
38042544
38042377
38042296
38042295
38042294
38042100
38042019
38041966
38041803
38041797
38041726
38041695
38041480
38041398
38041173
38041041
38040952
38040946
38040668
38040667
38040642
38040621
38040616
38040287
38040172
38039893
38039848
38039690
38039654
38039540
38039337
38039320
38039286
38039206
38039146
38039026
38039007
38039004
38038829
38038811
38038698
38038288
38038152
38037784
38037733
38037663
38037497
38037474
38037347
38037304
38037156
38037121
38036854
38036589
38036532
38036334
38036292
38036215
38035909
38035589
38035564
38035437
38035435
38035357
38035255
38035201
38035200
38035190
38035188
38035036
38035010
38034991
38034916
38034843
38034836
38034787
38034756
38034632
38034591
38034587
38034550
38034534
38034468
38034295
38034167
38034076
38034065
38033814
38033783
38033711
38033529
38033522
38033487
38033402
38033395
38033337
38033291
38033290
38033189
38033117
38033004
38032800
38032714
38032695
38032692
38032680
38032660
38032634
38032537
38032516
38032442
38032419
38032322
38032188
38032181
38032062
38032001
38031889
38031798
38031793
38031788
38031782
38031640
38031481
38031466
38031440
38031071
38031032
38030742
38030721
38030716
38030682
38030581
38030542
38030340
38030090
38030070
38030068
38030031
38029979
38029791
38029700
38029697
38029677
38029666
38029576
38029363
38029338
38029323
38029273
38029190
38028967
38028950
38028670
38028669
38028668
38028666
38028665
38028663
38028662
38028661
38028660
38028554
38028515
38028503
38028369
38028158
38027906
38027689
38027679
38027614
38027555
38027519
38027458
38027253
38027230
38027000
38026836
38026835
38026767
38026698
38026685
38026608
38026589
38026571
38026484
38026475
38026440
38026376
38026369
38026285
38026220
38026044
38026025
38025974
38025953
38025943
38025814
38025792
38025791
38025459
38025397
38025115
38025112
38024887
38024585
38024433
38024281
38024155
38024151
38024074
38024047
38024014
38023942
38023778
38023704
38023457
38023456
38023312
38023280
38023255
38023165
38023141
38023130
38023098
38023081
38023040
38023024
38022995
38022973
38022971
38022947
38022923
38022746
38022723
38022576
38022395
38022227
38022092
38021992
38021909
38021810
38021699
38021683
38021639
38021626
38021609
38021439
38021368
38021367
38021356
38021236
38021144
38021090
38020988
38020955
38020950
38020888
38020785
38020721
38020666
38020636
38020501
38020440
38020228
38020164
38020160
38020156
38020147
38020045
38020027
38019961
38019927
38019856
38019779
38019740
38019588
38019564
38019468
38019366
38019365
38019307
38019281
38019222
38018807
38018790
38018727
38018708
38018437
38018381
38018360
38018197
38018091
38017717
38017571
38017391
38017184
38017182
38017154
38017127
38016945
38016837
38016816
38016678
38016620
38016556
38016269
38016063
38015744
38015739
38015693
38015676
38015648
38015610
38015597
38015593
38015558
38015298
38015282
38014782
38014742
38014739
38014709
38014574
38014500
38014417
38014242
38014122
38014049
38013648
38013345
38013305
38013229
38013106
38012939
38012820
38012816
38012673
38012660
38012655
38012574
38012408
38012388
38012349
38012221
38012199
38012028
38011940
38011843
38011644
38011214
38011189
38011011
38010989
38010935
38010917
38010803
38010802
38010648
38010443
38010318
38010282
38010090
38009886
38009845
38009830
38009787
38009544
38009474
38009422
38009409
38009364
38009198
38009122
38009044
38009029
38009027
38009003
38008807
38008732
38008378
38008356
38008256
38008200
38008171
38008072
38008059
38008040
38007987
38007985
38007922
38007795
38007753
38007728
38007727
38007684
38007604
38007531
38007425
38007360
38007285
38007206
38007205
38007173
38007058
38006940
38006936
38006688
38006646
38006307
38006270
38006098
38005663
38005635
38005616
38005599
38005594
38005580
38005579
38005568
38005558
38005538
38005535
38005492
38005468
38005463
38005455
38005450
38005442
38005434
38005425
38005167
38005142
38004841
38004767
38004607
38004597
38004422
38004293
38004257
38004022
38003976
38003940
38003905
38003882
38003845
38003312
38002799
38002768
38002733
38002725
38002694
38002652
38002647
38002646
38002588
38002577
38002498
38002486
38002461
38002446
38002438
38002405
38002361
38002216
38002210
38002100
38002072
38001991
38001986
38001922
38001875
38001728
38001712
38001649
38001648
38001646
38001356
38001347
38001328
38001292
38001148
38001076
38000940
38000875
38000782
38000243
38000188
38000180
38000099
37999984
37999961
37999958
37999948
37999944
37999935
37999922
37999899
37999872
37999815
37999736
37999607
37999530
37999332
37999193
37999190
37999179
37999176
37999153
37999128
37998936
37998792
37998711
37998709
37998706
37998658
37998619
37998617
37998615
37998607
37998597
37998590
37998548
37998543
37998503
37998496
37998378
37998252
37998233
37998083
37998072
37998071
37997926
37997925
37997875
37997773
37997266
37997244
37997242
37997103
37997016
37996736
37996504
37996491
37996452
37996248
37996085
37996066
37995822
37995707
37995706
37995379
37995377
37995287
37995161
37995113
37995036
37995019
37994939
37994407
37994373
37994356
37994071
37993845
37993764
37993641
37993534
37993526
37993491
37993473
37993303
37993273
37993169
37993034
37992892
37992772
37992752
37992707
37992451
37992164
37992093
37992053
37992041
37991917
37991819
37991813
37991613
37991530
37991498
37991333
37991246
37991107
37990981
37990943
37990781
37990763
37990708
37990707
37990686
37990659
37990492
37990464
37990317
37990107
37990071
37990050
37990023
37989998
37989882
37989875
37989782
37989779
37989607
37989560
37989556
37989540
37989493
37989373
37989310
37989247
37989231
37989115
37988948
37988901
37988812
37988414
37988407
37988279
37988278
37988203
37988149
37988102
37987977
37987882
37987870
37987821
37987817
37987815
37987778
37987755
37987526
37987491
37987431
37987346
37987344
37987282
37987104
37987103
37987056
37987034
37986848
37986729
37986340
37986239
37986024
37985913
37985815
37985785
37985692
37985677
37985056
37984789
37984490
37984449
37984230
37984064
37984036
37984005
37983910
37983846
37983736
37983655
37983589
37983137
37982991
37982957
37982736
37982681
37982677
37982516
37982502
37982353
37982274
37982032
37981714
37981672
37981579
37981543
37981529
37981516
37981496
37981149
37981114
37981107
37980945
37980928
37980855
37980637
37980534
37980501
37980396
37980387
37980257
37979993
37979976
37979968
37979653
37979508
37979501
37979500
37979464
37979413
37979394
37979350
37979339
37979312
37979006
37978982
37978566
37978510
37978266
37978257
37977902
37977806
37977661
37977562
37977550
37977440
37977271
37977237
37977219
37977061
37977054
37977039
37976830
37976760
37976642
37976609
37976595
37976570
37976549
37976480
37976457
37976385
37976272
37976199
37976189
37976127
37976104
37976086
37975946
37975938
37975920
37975899
37975666
37975624
37975316
37975197
37975047
37974568
37974529
37974507
37974429
37974215
37974202
37974108
37974061
37974000
37973948
37973855
37973680
37973519
37973386
37973369
37973244
37973236
37973045
37973024
37972986
37972877
37972715
37972709
37972444
37972365
37972344
37972180
37972072
37971984
37971917
37971803
37971782
37971630
37971399
37970982
37970960
37970632
37970543
37970388
37970203
37970200
37970175
37970100
37969831
37969638
37969634
37969633
37969632
37969495
37969262
37969196
37969195
37969190
37969161
37968992
37968991
37968990
37968989
37968987
37968937
37968798
37968687
37968678
37968580
37968549
37968495
37968408
37968370
37968165
37968159
37968109
37968006
37967949
37967922
37967805
37967790
37967485
37967448
37967189
37967182
37967155
37966937
37966811
37966807
37966636
37966417
37966335
37966184
37966148
37965960
37965805
37965690
37965661
37965502
37965497
37965416
37965412
37965397
37965243
37965153
37965069
37964894
37964893
37964835
37964688
37964657
37964624
37964454
37964453
37964452
37964157
37964128
37964028
37963732
37963556
37963516
30000958
37963425
37963050
37963000
37962931
37962919
37962596
37962584
37962570
37962395
37962176
37961800
37961565
37961532
37961494
37961354
37961299
37961236
37961227
37961171
37961168
37961085
37961027
37960748
37960711
37960703
37960681
37960661
37960649
37960626
37960599
37960584
37960539
37960490
37960486
37960482
37960481
37960480
37960470
37960466
37960453
37960447
37960440
37960411
37960410
37960385
37960215
37959896
37959572
37959434
37959412
37959376
37959345
37959330
37959310
37959298
37959296
37959274
37959187
37959184
37959143
37959136
37959084
37958843
37958774
37958461
37958452
37958437
37958422
37958411
37958390
37958379
37958319
37958301
37958284
37958282
37958267
37958254
37958248
37958232
37958210
37958194
37958050
37958000
37957985
37957919
37957860
37957777
37957732
37957611
37957459
37957353
37957283
37957207
37957196
37957085
37956995
37956905
37956859
37956507
37956346
37956196
37956160
37956046
37955949
37955948
37955873
37955844
37955669
37955428
37955398
37955392
37955384
37955263
37955165
37955147
37955139
37955030
37954813
37954711
37954555
37954528
37954448
37954345
37954327
37954315
37954179
37954157
37954109
37954096
37954075
37954052
37953871
37953870
37953865
37953855
37953826
37953411
37953247
37953142
37953120
37953088
37952887
37952576
37952555
37952532
37952385
37952323
37952318
37952277
37952245
37952026
37952014
37951937
37951822
37951764
37951725
37951615
37951600
37951574
37951524
37951466
37951222
37951133
37950957
37950936
37950925
37950724
37950720
37950715
37950562
37950417
37950366
37950315
37950210
37950034
37950028
37949930
37949906
37949663
37949485
37949427
37949155
37949042
37949020
37948874
37948827
37948417
37948357
37948288
37948284
37948279
37948255
37948172
37948112
37948100
37948028
37947865
37947834
37947797
37947746
37947685
37947574
37947389
37947020
37946996
37946960
37946943
37946871
37946864
37946848
37946829
37946814
37946794
37946790
37946789
37946775
37946764
37946604
37946378
37946304
37946176
37946125
37946091
37945795
37945699
37945586
37945549
37945504
37945384
37945334
37945282
37945105
37945104
37945103
37945102
37945101
37945100
37945099
37945098
37945097
37945096
37945095
37944934
37944588
37944556
37944549
37944316
37944287
37944275
37944269
37944140
37944131
37943972
37943961
37943939
37943930
37943752
37943723
37943680
37943654
37943581
37943554
37943502
37943399
37943368
37943343
37943340
37943332
37943257
37943236
37943189
37943000
37942898
37942894
37942609
37942500
37942499
37942394
37942332
37942268
37942130
37942018
37941790
37941751
37941679
37941556
37941529
37941347
37941210
37941120
37941080
37940935
37940855
37940813
37940797
37940734
37940528
37940501
37940489
37940474
37940386
37940369
37940155
37939933
37939928
37939901
37939873
37939711
37939675
37939645
37939643
37939498
37939407
37939398
37939329
37939093
37938944
37938896
37938894
37938885
37938883
37938815
37938550
37938386
37938383
37938381
37938197
37938037
37938020
37937970
37937961
37937957
37937950
37937845
37937827
37937680
37937614
37937532
37937522
37937270
37937181
37937113
37937112
37937071
37937045
37936959
37936949
37936762
37936739
37936724
37936648
37936604
37936601
37936296
37936236
37935752
37935636
37935559
37935406
37935308
37935248
37935148
37934933
37934873
37934828
37934789
37934748
37934650
37934568
37934382
37934344
37934302
37934243
37934154
37934150
37934098
37934070
37933859
37933835
37933610
37933569
37933339
37933328
37933287
37933222
37933221
37933176
37933154
37933118
37933101
37932915
37932778
37932703
37932692
37932570
37932424
37932415
37932390
37932379
37932314
37932302
37932267
37932131
37932006
37931911
37931751
37931672
37931483
37931432
37931236
37931127
37931106
37930915
37930849
37930780
37930755
37930737
37930624
37930477
37930398
37930259
37930057
37930047
37930026
37929975
37929861
37929651
37929255
37929092
37928999
37928926
37928897
37928896
37928885
37928810
37928578
37928489
37928464
37928449
37928414
37928405
37928336
37928174
37928137
37928115
37928044
37928028
37927888
37927734
37927716
37927689
37927670
37927664
37927570
37927529
37927466
37927443
37927425
37927374
37927373
37927336
37927272
37927093
37926972
37926956
37926858
37926780
37926642
37926423
37926422
37926396
37926337
37926242
37926067
37925922
37925910
37925908
37925880
37925783
37923639
37923632
37923561
37923249
37923131
37922736
37922655
37922576
37922543
37925669
37925580
37925519
37925349
37925344
37925343
37925261
37925214
37925145
37925095
37925082
37924716
37924653
37924210
37924054
37923870
37923741
37922400
37922198
37922149
37921927
37921807
37921672
37921647
37921638
37921509
37921434
37921238
37921030
37921010
37920863
37920787
37920671
37920450
37920421
37920420
37920388
37920303
37920276
37920053
37920049
37920044
37920011
37919821
37919812
37919805
37919759
37919737
37919608
37919408
37919282
37919231
37919191
37919109
37919080
37918744
37918637
37918429
37918356
37918335
37918284
37918191
37917986
37917922
37917841
37917778
37917735
37917731
37917594
37917526
37917454
37917165
37917157
37917155
37917126
37917120
37917112
37917014
37916923
37916788
37916631
37916614
37916605
37916490
37916354
37916353
37916231
37916187
37915995
37915937
37915897
37915737
37915669
37915639
37915603
37915539
37915525
37915426
37915406
37915365
37915363
37915208
37914911
37914895
37914883
37914559
37914524
37914492
37914431
37914417
37914380
37914210
37914075
37914030
37913853
37913813
37913596
37910835
37910607
37910483
37910428
37910155
37910153
37909965
37909928
37909882
37909831
37909425
37909372
37909150
37909106
37909046
37909030
37908959
37908951
37908933
37908910
37908699
37908675
37908628
37908123
37907818
37907785
37907600
37907553
37907461
37907297
37907246
37906959
37906951
37906872
37906380
37906318
37906226
37906223
37906108
37906102
37905941
37905918
37905891
37905780
37905759
37905746
37905713
37905681
37905524
37905497
37905265
37905264
37905162
37904646
37904613
37904407
37904184
37904172
37904073
37903939
37903885
37903855
37903843
37903740
37903639
37903612
37903609
37903415
37903157
37903151
37903120
37903085
37903037
37902993
37902840
37902826
37902825
37902821
37902681
37902678
37902445
37902444
37902165
37902120
37902058
37902040
37901957
37901932
37901920
37901708
37901553
37901490
37901399
37901375
37901316
37901091
37900756
37900753
37900591
37900498
37900468
37900395
37900283
37900179
37900121
37900007
37899963
37899847
37899794
37899784
37899524
37899390
37899219
37899153
37898963
37898949
37898876
37898732
37898711
37898668
37898550
37898489
37898461
37898437
37898381
37898362
37898100
37897989
37897941
37897626
37897346
37896735
37896669
37896665
37896655
37896631
37896615
37896509
37896468
37896457
37895604
37895571
37895550
37895519
37895517
37895480
37895409
37895393
37895332
37894965
37894785
37894653
37894458
37894430
37894365
37893870
37893850
37893833
37893784
37893779
37893637
37893552
37893491
37893432
37893257
37893256
37893125
37892991
37892959
37892936
37892869
37892850
37892839
37892793
37892759
37892714
37892687
37892665
37892622
37892556
37892522
37892354
37892326
37892322
37892319
37892318
37892297
37892101
37892088
37892041
37892032
37892030
37891856
37891830
37891815
37891784
37891408
37891369
37891360
37891153
37891086
37890902
37890670
37890570
37890504
37890309
37890212
37889957
37889795
37889739
37889562
37889530
37889504
37889368
37889281
37889210
37889187
37889128
37889118
37889117
37889095
37888961
37888799
37888787
37888736
37888733
37888725
37888698
37888533
37888523
37888486
37888430
37888428
37888427
37888426
37888419
37888418
37888406
37888333
37888327
37888314
37888306
37888298
37888124
37888113
37887989
37887880
37887634
37887627
37887623
37887598
37887593
37887580
37887474
37887469
37887452
37887266
37887265
37887119
37887090
37887080
37887054
37887008
37886768
37886735
37886698
37886386
37886365
37886046
37886027
37885994
37885857
37885785
37885755
37885698
37885696
37885692
37885689
37885683
37885681
37885680
37885673
37885558
37885556
37885522
37885437
37885327
37885228
37885218
37885118
37884940
37884824
37884627
37884529
37884394
37884177
37884125
37883894
37883884
37883866
37883851
37883796
37883758
37883712
37883678
37883566
37883530
37883290
37883224
37883175
37883143
37883115
37883015
37882881
37882723
37882645
37882509
37882420
37882183
37881919
37881843
37881809
37881777
37881776
37881625
37881610
37881323
37881298
37881290
37881183
37881171
37881146
37881133
37881084
37881081
37881033
37881016
37880949
37880849
37880546
37880512
37880473
37880412
37880386
37880375
37880351
37880301
37880280
37880044
37879936
37879802
37879700
37879682
37879600
37879598
37879461
37879443
37879261
37878850
37878561
37878549
37878365
37878288
37878222
37878205
37878192
37878177
37877601
37877343
37877208
37877206
37877124
37876988
37876904
37876899
37876898
37876825
37876820
37876745
37876712
37876506
37876505
37876392
37876387
37876235
37875881
37875746
37875656
37875554
37875522
37875484
37875458
37875208
37874690
37874618
37874546
37874336
37874293
37874243
37874183
37873778
37873417
37873334
37873296
37873264
37873174
37873042
37872986
37872929
37872563
37872555
37872536
37872515
37872467
37872295
37872244
37872106
37871960
37871860
37871712
37871603
37871512
37871461
37871279
37871132
37871054
37870890
37870759
37870756
37870625
37870609
37870482
37870328
37870248
37870205
37870201
37870184
37870152
37869986
37869886
37869865
37869856
37869850
37869845
37869817
37869812
37869810
37869799
37869711
37869348
37869340
37869331
37869330
37869318
37869302
37869243
37869163
37869160
37869155
37869130
37869036
37869029
37868944
37868934
37868834
37868800
37868793
37868765
37868699
37868615
37868604
37868586
37868519
37868501
37868462
37868441
37868419
37868408
37868407
37868402
37868395
37868371
37868215
37868089
37868075
37867955
37867944
37867550
37867468
37867278
37867056
37866949
37866945
37866938
37866875
37866667
37866607
37866509
37866497
37866291
37866086
37865883
37865848
37865847
37865748
37865635
37865629
37865573
37865567
37865058
37865003
37865001
37864888
37864817
37864808
37864754
37864543
37864492
37864460
37864445
37864429
37864350
37864003
37863971
37863968
37863944
37863860
37863713
37863691
37863640
37863622
37863621
37863620
37863619
37863618
37863617
37863616
37863615
37863614
37863613
37863612
37863611
37863559
37863557
37863479
37863421
37863312
37863197
37863056
37862884
37862857
37862795
37862541
37862475
37862328
37862326
37862278
37862275
37862104
37862084
37862082
37862079
37862063
37861856
37861853
37861802
37861724
37861723
37861713
37861228
37861206
37861196
37861192
37861079
37861055
37861051
37860940
37860773
37860768
37860713
37860605
37860593
37860503
37860474
37860473
37860468
37860408
37860398
37860385
37860375
37860374
37860341
37860337
37860334
37860317
37860303
37860189
37860132
37860071
37859768
37859746
37859667
37859656
37859480
37859472
37859410
37858962
37858761
37858622
37858478
37858418
37858386
37858370
37858200
37858039
37857868
37857770
37857665
37857452
37857289
37857147
37857135
37857099
37857018
37856872
37856181
37856161
37856110
37856083
37855976
37855961
37855949
37855759
37855450
37855397
37855304
37855257
37855067
37854896
37854891
37854867
37854769
37854642
37854640
37854617
37854590
37854561
37854535
37854479
37854322
37854168
37854142
37854089
37854078
37854059
37854031
37853931
37853640
37853625
37853530
37853430
37853338
37853094
37853081
37853065
37853060
37853053
37853038
37852939
37852816
37852692
37852647
37852296
37852287
37852186
37852174
37852171
37852143
37852080
37851849
37851618
37851564
37851265
37850937
37850553
37850324
37850217
37850120
37849490
37849476
37849415
37848913
37848870
37848772
37848677
37848670
37848612
37848471
37848465
37848176
37848163
37848030
37847774
37847685
37847669
37847666
37847624
37847539
37847532
37847506
37847478
37847365
37847342
37847297
37847260
37847237
37847150
37847140
37847135
37847073
37847016
37846615
37846440
37846404
37846401
37846274
37846266
37846251
37846149
37846057
37845808
37845724
37845713
37845578
37845554
37845361
37845356
37845333
37845148
37845041
37845024
37844967
37844706
37844555
37844413
37844289
37843900
37843891
37843845
37843842
37843828
37843604
37843584
37843579
37843578
37843574
37843519
37843483
37843358
37842718
37842638
37842636
37842522
37842480
37842420
37842407
37842400
37842385
37842367
37842280
37842061
37842037
37841897
37841870
37841754
37841732
37841724
37841702
37841693
37841489
37841486
37841480
37841459
37841328
37841235
37841234
37841200
37840987
37840968
37840934
37840849
37840799
37840685
37840630
37840574
37840512
37840509
37840430
37840252
37840192
37839909
37839703
37839634
37839591
37839567
37839564
37839320
37839243
37839212
37839017
37838818
37838695
37838690
37838567
37838390
37838290
37838076
37838021
37837968
37837889
37837885
37837878
37837871
37837864
37837739
37837710
37837690
37837528
37837428
37837420
37837364
37837136
37837123
37837109
37837079
37837026
37837009
37836988
37836953
37836952
37836945
37836937
37836923
37836905
37836873
37836846
37836845
37836728
37836569
37836345
37835953
37835883
37835880
37835876
37835861
37835858
37835856
37835848
37835842
37835837
37835828
37835821
37835815
37835814
37835812
37835811
37835808
37835797
37835793
37835771
37835770
37835766
37835647
37835634
37835584
37835521
37835388
37835371
37835268
37835106
37835091
37834976
37834784
37834585
37834515
37834422
37834387
37834360
37833852
37833851
37833847
37833707
37833553
37833509
37833395
37833313
37833280
37833262
37833131
37832976
37832972
37832969
37832967
37832939
37832924
37832854
37832818
37832751
37832430
37832428
37832374
37832144
37831841
37831697
37831692
37831580
37831553
37831496
37831495
37831232
37831093
37830995
37830943
37830724
37830589
37830487
37830257
37830256
37830252
37830214
37830043
37829968
37829964
37829937
37829925
37829910
37829882
37829877
37829874
37829867
37829865
37829721
37829660
37829628
37829618
37829612
37829541
37829430
37829392
37829347
37829020
37829008
37828977
37828971
37828957
37828914
37828867
37828644
37828553
37828543
37828411
37828297
37828292
37828253
37828067
37827897
37827839
37827724
37827723
37827503
37827448
37827432
37827270
37824724
37824663
37824610
37824494
37824445
37824352
37824325
37824298
37824255
37824185
37824140
37823933
37823750
37823708
37823606
37823456
37823416
37823386
37823360
37822960
37822918
37822853
37822851
37822596
37822559
37822477
37822362
37822196
37822130
37821756
37821602
37821402
37821282
37821142
37821009
37820986
37820969
37820865
37820816
37820749
37820639
37820522
37813444
37820367
37820297
37820094
37819948
37819931
37819878
37819859
37819844
37819820
37819797
37819782
37819748
37819738
37819698
37819562
37819427
37819394
37819324
37819276
37819031
37818969
37818809
37818651
37818647
37818583
37818350
37818346
37818343
37817886
37817861
37817816
37817814
37817649
37817423
37817273
37817192
37817098
37816908
37816837
37816706
37816646
37816636
37816372
37816297
37816054
37816053
37816036
37815984
37815861
37815696
37815623
37815506
37815417
37814901
37814766
37814684
37814667
37814387
37814369
37814351
37814325
37814311
37814288
37814285
37813976
37813932
37813914
37813780
37813776
37813759
37813703
37813667
37813660
37813548
37813279
37813174
37813078
37813048
37812998
37812965
37812915
37812847
37812784
37812781
37812754
37812628
37812543
37812468
37812331
37812310
37812304
37812136
37811866
37811698
37811666
37811597
37811522
37811466
37811458
37811449
37811435
37811428
37811324
37811196
37811189
37811067
37811040
37811030
37810925
37810838
37810626
37810510
37810348
37810292
37810277
37810256
37810159
37810082
37810039
37810026
37810016
37809860
37809797
37809772
37809738
37809721
37809695
37809477
37809254
37809168
37809155
37809128
37809056
37809043
37808976
37808939
37808685
37808620
37808444
37808414
37808380
37808321
37808255
37808235
37808173
37808114
37808107
37808091
37808001
37807914
37807907
37807673
37807286
37807084
37807075
37806954
37806854
37806795
37806782
37806742
37806740
37806725
37806555
37806124
37806069
37806061
37805794
37805632
37805624
37805620
37805566
37805551
37805185
37805065
37805064
37805010
37805002
37804779
37804702
37804650
37804318
37804254
37804242
37804072
37804030
37804011
37804007
37803942
37803810
37803487
37803440
37803392
37803342
37803313
37803172
37803022
37802880
37802858
37802830
37802800
37802753
37802675
37802673
37802570
37802491
37802189
37802121
37802057
37801898
37801497
37801378
37801311
37801198
37801128
37801115
37801097
37800812
37800703
37800676
37800594
37800340
37800315
37800207
37800200
37800199
37800058
37800053
37800044
37800029
37800019
37800018
37800011
37799809
37799746
37799743
37799695
37799591
37799520
37799401
37799295
37799217
37799215
37799211
37799102
37799027
37799020
37798960
37798955
37798920
37798813
37798709
37798359
37798252
37798206
37798200
37798183
37798157
37798142
37798126
37798092
37797827
37797723
37797609
37797294
37797211
37797048
37797030
37796983
37796976
37796946
37796874
37796873
37796815
37796649
37796585
37796556
37796505
37796364
37796302
37795659
37795455
37795452
37795422
37795257
37795208
37795146
37795138
37795112
37795106
37795060
37795039
37795010
37794964
37794960
37794930
37794884
37794871
37794867
37794737
37794720
37794709
37794690
37794655
37794634
37794609
37794526
37794362
37794121
37794054
37794039
37794036
37793819
37793668
37793630
37793628
37793618
37793603
37793420
37793210
37792938
37792871
37792802
37792739
37792651
37792435
37792434
37792365
37792351
37792344
37792334
37792134
37791506
37791364
37791172
37791157
37791148
37790975
37790756
37790672
37790605
37790590
37790491
37790417
37790315
37790274
37790086
37790062
37789960
37789956
37789758
37789719
37789676
37789636
37789540
37789443
37789265
37789241
37789191
37789165
37789095
37789032
37789003
37788995
37788912
37788747
37788667
37788525
37788516
37788501
37788383
37788080
37788068
37788057
37787962
37787910
37787701
37787676
37787513
37787380
37787347
37787195
37787081
37787018
37786993
37786943
37786915
37786773
37786693
37786547
37786524
37786489
37786401
37786254
37784142
37784122
37783819
37783711
37783656
37783554
37783548
37783546
37783540
37783534
37783447
37783319
37783086
37782931
37782875
37782786
37782766
37782670
37782668
37782541
37782499
37782228
37782135
37782051
37782004
37781963
37781823
37781788
37781703
37781591
37781456
37781313
37781229
37781135
37780996
37780993
37780992
37780898
37780897
37780837
37780736
37780621
37780450
37780406
37780348
37780059
37780034
37779803
37779749
37779744
37779636
37779521
37779408
37779387
37779351
37779275
37779250
37779221
37779213
37779171
37779015
37778970
37778969
37778968
37778925
37778886
37778659
37778581
37778496
37778441
37778402
37778337
37778332
37778213
37778185
37778084
37778067
37778017
37777997
37777979
37777722
37777578
37777510
37777349
37777276
37777176
37777066
37777063
37777031
37776949
37776945
37776682
37776670
37776392
37776084
37776068
37775589
37775472
37775259
37775188
37774982
37774793
37774648
37774374
37774313
37774040
37773591
37773477
37773456
37773288
37773197
37772992
37772983
37772958
37772921
37772763
37772611
37772513
37772510
37772479
37772392
37772012
37771906
37771898
37771892
37771867
37771820
37771679
37771628
37771548
37771410
37771250
37771067
37771061
37770765
37770637
37770569
37770339
37770335
37770329
37770007
37769940
37769929
37769829
37769746
37769656
37769584
37769400
37769368
37751956
37769024
37768960
37768944
37768883
37768748
37768724
37768621
37768550
37768472
37768108
37768051
37768001
37767672
37767659
37767546
37767488
37767466
37767452
37767410
37767230
37767157
37767106
37766996
37766988
37766987
37766930
37766916
37766839
37766757
37766502
37766480
37766070
37766065
37766057
37766029
37766027
37766024
37766023
37766004
37765980
37765933
37765879
37765871
37765867
37765859
37765817
37765726
37765722
37765609
37765145
37765069
37764637
37764064
37764009
37763916
37763888
37763837
37763661
37763543
37763273
37763259
37763254
37763226
37763188
37763157
37763152
37763147
37763143
37763127
37763011
37762960
37762910
37762901
37762841
37762792
37762783
37762772
37762628
37762444
37762154
37761800
37761781
37761751
37761729
37761667
37761661
37761636
37761627
37761622
37761576
37761518
37761472
37761416
37761383
37761373
37761362
37761359
37761355
37761351
37761333
37761332
37761319
37761315
37761306
37761300
37761294
37761253
37761248
37761237
37761236
37761234
37761232
37761229
37760923
37760898
37760633
37760624
37760588
37760550
37760531
37760503
37760487
37760425
37760413
37760324
37760206
37760205
37760196
37760187
37760179
37760173
37760164
37760142
37760133
37760109
37759944
37759917
37759891
37759871
37759856
37759727
37759668
37759374
37759213
37758849
37758800
37758785
37758750
37758696
37758528
37758527
37758250
37758226
37758209
37758202
37758133
37758054
37757986
37757969
37757831
37757777
37757772
37757748
37757713
37757675
37757481
37756224
37756059
37755608
37755575
37755531
37755420
37755165
37754941
37754931
37754909
37754908
37754907
37754906
37754903
37754899
37754616
37754479
37754334
37754193
37754192
37754187
37754185
37754183
37754171
37754164
37754153
37754148
37754144
37754142
37754141
37754139
37754136
37754084
37753972
37753852
37753530
37753527
37753448
37753352
37753320
37753193
37753028
37753018
37753006
37752771
37752593
37752399
37752267
37752088
37752032
37751685
37751604
37751530
37751502
37751414
37751345
37751279
37751247
37751243
37751234
37751224
37750851
37750818
37750805
37750772
37750768
37750614
37750493
37750374
37750264
37750261
37750257
37750195
37750179
37750154
37750114
37749869
37749686
37749643
37749579
37749537
37749498
37749460
37749399
37749314
37749301
37749239
37749194
37749161
37749085
37749026
37748945
37748888
37748776
37748706
37748653
37748607
37748468
37748456
37748340
37748329
37748193
37747969
37747959
37747862
37747733
37747582
37747564
37747539
37747487
37747285
37747097
37747080
37746962
37746786
37746684
37746667
37746662
37746637
37746615
37746411
37746390
37746355
37746328
37746321
37746141
37746130
37746051
37745926
37745877
37745875
37745853
37745733
37745671
37745661
37745652
37745539
37745527
37745387
37745329
37745104
37744970
37744954
37744906
37744842
37744812
37744464
37744429
37744264
37744185
37744086
37743315
37743078
37743068
37743023
37742988
37742926
37742533
37742450
37742443
37742419
37742418
37742415
37742302
37742280
37742211
37741865
37741826
37741773
37741730
37741641
37741546
37741365
37741120
37741013
37740875
37740838
37740792
37740587
37740534
37740417
37740262
37740225
37740191
37740091
37740080
37740046
37740031
37740030
37739704
37739276
37739017
37738778
37738505
37738251
37738237
37738140
37738078
37737885
37737505
37737496
37737493
37737327
37737199
37737150
37737056
37736974
37736663
37736475
37736242
37736153
37736144
37735966
37735681
37735585
37735439
37735409
37735376
37735308
37735251
37735232
37735185
37735179
37734964
37734952
37734941
37734656
37734590
37734434
37734417
37734379
37734275
37734213
37734140
37734067
37733874
37733828
37733597
37733497
37733435
37733359
37733205
37733154
37733103
37733068
37733025
37732988
37732968
37732926
37732824
37732791
37732721
37732701
37732662
37732647
37732536
37732402
37732298
37732295
37732291
37732105
37731933
37731886
37731643
37731613
37731429
37731409
37731299
37731172
37730990
37730926
37730699
37730624
37730529
37730486
37730418
37729872
37729816
37729502
37729376
37729277
37729134
37729122
37729119
37729111
37729097
37728984
37728965
37728933
37728780
37728393
37728146
37727910
37727897
37727841
37727677
37727511
37727434
37727407
37727405
37727213
37727151
37726842
37726741
37726729
37726561
37726551
37726392
37726013
37725886
37725885
37725735
37725644
37725606
37725429
37725411
37725410
37725373
37724961
37724920
37724872
37724640
37724586
37724420
37724288
37724285
37724282
37724278
37724272
37724269
37724265
37724211
37724135
37724106
37724044
37723929
37723568
37723529
37723468
37723300
37723195
37723170
37722964
37722842
37722780
37722761
37722750
37722385
37722370
37722173
37722143
37721869
37721797
37721738
37721631
37721424
37721326
37721316
37721195
37721096
37721057
37720922
37720897
37720737
37720726
37720504
37720471
37720416
37720353
37720352
37720347
37720345
37720337
37720336
37720334
37720333
37720328
37720260
37720111
37720075
37720037
37720035
37719954
37719873
37719825
37719771
37719763
37719684
37719683
37719647
37719644
37719595
37719493
37719492
37719480
37719412
37719325
37719082
37719021
37719010
37719009
37718902
37718877
37718876
37718805
37718664
37718474
37718372
37718353
37718227
37718142
37717933
37717816
37717772
37717687
37717557
37717548
37717524
37717420
37717252
37717213
37717070
37717029
37716910
37716899
37716618
37716544
37716431
37716379
37716298
37716178
37715893
37715696
37715325
37715137
37715014
37714884
37714853
37714843
37714592
37714172
37713921
37713313
37713254
37713227
37713220
37712699
37712675
37712614
37712522
37712494
37712476
37712321
37712147
37712132
37711996
37711922
37711837
37711816
37711804
37711738
37711734
37711721
37711674
37711478
37711443
37711014
37710880
37710582
37710529
37710407
37710000
37709946
37709945
37709926
37709847
37709769
37709755
37709704
37709657
37709612
37709536
37709521
37709494
37709340
37709267
37709055
37708779
37708722
37708717
37708701
37708677
37708636
37708628
37708373
37708371
37708293
37708283
37708281
37708001
37707991
37707943
37707884
37707731
37707707
37707692
37707588
37707442
37707430
37707390
37707324
37706676
37706560
37706479
37706366
37706158
37706053
37706009
37705958
37705950
37705820
37705668
37705662
37705653
37705646
37705639
37705620
37705618
37705617
37705603
37705600
37705565
37705466
37705223
37704934
37704754
37704748
37704728
37704692
37704607
37704545
37704531
37704461
37704383
37704341
37704340
37704339
37704336
37704335
37704334
37704332
37704329
37704183
37704149
37704048
37703716
37703714
37703710
37703657
37703641
37703431
37703401
37703300
37703234
37703195
37703148
37703085
37703072
37703019
37702851
37702750
37702386
37702288
37702254
37702023
37701955
37701919
37701881
37701862
37701628
37701575
37701474
37701430
37701084
37701072
37701048
37701044
37700993
37700959
37700949
37700909
37700751
37700601
37700385
37700218
37700029
37699963
37699926
37699796
37699749
37699726
37699686
37699685
37699649
37699223
37699140
37698913
37698910
37698889
37698855
37698825
37698823
37698703
37698693
37698626
37698612
37698583
37698582
37698542
37698452
37698356
37698229
37697850
37697716
37697491
37697415
37697378
37697262
37697236
37697116
37697115
37697107
37697042
37697024
37696911
37696901
37696691
37696628
37696344
37696265
37696256
37696174
37695935
37695904
37695706
37695650
37695632
37695363
37695082
37695006
37694829
37694452
37694361
37694330
37693931
37693924
37693916
37693892
37693890
37693727
37693641
37693566
37693556
37693437
37693436
37693426
37693388
37693358
37693341
37693301
37693234
37693182
37693111
37693092
37693078
37693051
37693010
37693002
37692898
37692891
37692884
37692851
37692805
37692694
37692659
37692654
37692649
37692637
37692629
37692617
37692604
37692531
37692363
37692304
37692256
37692247
37692239
37691946
37691801
37691773
37691739
37691725
37691594
37691592
37691497
37691394
37691329
37690911
37690352
37690351
37690224
37690213
37690178
37690125
37690015
37689840
37689365
37689230
37688994
37688955
37688891
37688618
37688541
37688481
37688451
37688262
37688114
37688090
37688015
37687931
37687926
37687908
37687891
37687870
37687853
37687825
37687790
37687770
37687675
37687620
37687505
37687351
37686866
37686671
37686665
37686619
37686558
37686504
37686482
37685946
37685617
37685592
37685573
37685563
37685478
37685452
37685422
37685408
37685387
37685378
37685352
37685350
37685335
37685321
37685312
37685300
37685290
37685278
37685276
37685275
37685267
37685265
37685262
37685092
37685036
37684688
37684407
37684361
37684293
37684068
37684064
37683992
37683943
37683941
37683932
37683743
37683678
37683529
37683338
37683319
37683226
37683105
37683094
37683082
37683030
37682998
37682884
37682843
37682775
37682731
37682640
37682491
37682434
37682418
37682415
37682075
37682043
37682032
37681816
37681740
37681394
37681239
37681158
37681141
37681105
37680954
37680944
37680599
37680588
37680542
37680491
37680483
37680278
37679949
37679578
37679532
37679260
37679257
37679247
37679183
37679167
37679147
37679137
37679121
37679102
37679101
37679061
37679058
37679020
37678819
37678811
37678674
37678472
37678361
37678284
37678140
37676884
37676849
37676789
37676661
37676426
37676364
37676288
37676238
37676187
37676129
37676052
37676033
37675597
37675478
37675438
37675398
37675332
37675316
37675315
37675040
37674966
37674957
37674942
37674701
37674649
37674620
37674505
37674291
37674264
37674239
37674125
37673930
37673925
37673893
37673751
37673661
37673650
37673589
37673587
37673580
37673579
37673578
37673576
37673571
37673561
37673554
37673465
37672962
37672846
37672845
37672650
37672612
37672504
37672428
37672333
37672328
37672314
37672297
37672271
37672265
37672226
37672105
37671999
37671726
37671650
37671567
37671422
37671415
37671296
37671207
37671090
37671060
37671024
37670961
37670733
37670704
37670651
37670641
37670616
37670547
37670546
37670520
37670397
37670324
37670290
37670191
37670164
37670163
37669976
37669732
37669564
37669451
37669206
37669185
37668894
37668814
37668779
37668701
37668690
37668678
37668655
37668522
37668352
37668284
37668214
37668185
37668089
37667979
37667639
37667569
37667349
37667320
37667297
37666945
37666944
37666917
37666867
37666698
37666564
37666527
37666252
37666214
37666116
37665749
37665729
37665701
37665678
37665620
37665590
37665551
37665519
37665389
37665385
37665368
37665088
37665065
37665024
37665008
37664967
37664912
37664782
37664727
37664701
37664698
37664558
37664547
37664408
37664381
37664374
37664359
37664078
37664076
37663907
37663906
37663849
37663790
37663767
37663656
37663348
37663347
37663251
37663118
37663113
37662895
37662866
37662783
37662696
37662682
37662661
37662647
37662618
37662586
37662525
37662349
37662256
37662253
37662147
37662130
37662079
37662072
37662036
37661968
37661942
37661856
37661840
37661580
37661285
37661220
37661144
37660829
37660751
37660712
37660550
37660470
37660439
37658948
37658895
37658749
37660410
37660402
37660400
37660356
37660057
37660022
37659919
37659733
37659658
37659397
37659391
37659257
37659209
37659113
37659105
37659103
37658550
37658220
37658119
37658060
37658054
37657758
37657713
37657712
37657381
37657148
37657068
37656661
37656433
37656399
37656245
37656066
37656023
37655365
37655139
37655124
37655066
37654781
37654717
37654681
37654029
37654007
37654002
37653608
37653597
37653549
37653454
37653383
37653281
37653117
37653025
37653015
37652910
37652901
37652841
37652837
37652578
37652306
37652263
37652006
37652005
37651817
37651677
37651599
37651442
37651380
37651166
37651164
37651150
37651022
37650978
37650971
37650811
37650706
37650676
37650583
37650579
37650577
37650552
37650527
37650486
37650200
37650114
37649977
37649910
37649608
37649578
37649564
37649342
37649136
37649070
37648910
37648884
37648882
37648800
37648758
37648737
37648631
37648157
37648156
37647997
37647866
37647865
37647798
37647619
37647399
37647158
37647155
37647122
37647103
37646795
37646729
37646719
37646577
37646521
37646500
37646146
37645961
37645837
37645797
37645708
37645667
37645653
37645501
37645266
37645187
37645015
37644958
37644952
37644945
37644845
37644737
37644613
37644543
37644414
37644053
37643732
37643659
37643635
37643577
37651557
37643453
37643447
37642995
37642984
37642981
37642834
37642768
37642657
37642571
37642169
37642156
37642151
37642107
37642104
37641964
37641960
37641747
37641727
37641576
37641572
37641457
37640743
37640716
37640607
37640155
37639723
37639719
37639641
37639604
37639461
37639369
37639297
37639274
37639191
37638918
37638893
37638664
37638654
37638425
37638413
37638368
37638266
37638070
37637738
37637722
37637716
37637613
37637593
37637568
37637508
37637473
37637372
37637035
37636907
37636841
37636704
37636575
37636509
37636476
37636360
37636326
37636134
37636132
37636071
37636048
37635985
37635767
37635600
37635306
37635298
37635039
37634983
37634978
37634906
37634845
37634801
37634667
37634658
37634643
37634640
37634379
37634354
37634291
37634174
37634138
37634074
37633904
37633787
37633550
37633507
37633285
37633125
37633093
37632978
37632937
37632881
37632823
37632734
37632728
37632715
37632558
37632180
37632154
37632091
37631808
37631790
37631787
37631774
37631758
37631756
37631748
37631747
37631690
37631660
37631646
37631637
37631629
37631625
37631618
37631580
37631452
37631380
37630946
37630435
37630431
37630218
37630188
37630071
37630054
37629692
37629690
37629616
37629595
37629524
37629520
37629503
37629474
37629452
37629375
37629350
37629288
37628965
37628869
37628534
37628506
37628371
37628223
37628153
37628025
37627975
37627973
37627972
37627959
37627935
37627929
37627921
37627920
37627913
37627899
37627857
37627817
37627803
37627800
37627786
37627783
37627775
37627725
37627713
37627413
37627305
37627200
37627148
37627077
37627075
37627071
37626734
37626721
37626636
37626590
37626504
37626240
37626236
37626205
37626155
37626138
37626120
37625974
37625927
37625896
37625894
37625694
37625541
37625364
37625351
37625260
37624988
37624841
37624793
37624780
37624621
37624512
37624396
37624140
37624120
37624108
37624075
37623681
37623550
37623549
37623543
37623542
37623541
37623539
37623537
37623518
37623505
37623502
37623465
37623460
37623370
37623270
37622978
37622964
37622956
37622948
37622940
37622898
37622863
37622758
37622581
37622574
37622451
37622409
37622332
37622182
37622074
37621964
37621880
37621802
37621778
37621662
37621647
37621563
37621524
37621516
37621514
37621492
37621375
37621251
37621174
37621087
37621073
37620921
37620811
37620755
37620432
37620388
37620374
37620342
37620240
37620051
37619871
37619807
37619804
37619802
37619664
37619460
37619447
36256758
37616272
37616044
37615976
37615960
37615891
37615881
37615796
37615766
37615763
37615723
37615714
37615692
37615416
37615058
37614678
37614525
37614494
37612880
37612786
37612673
37612445
37612392
37612232
37612198
37612137
37612082
37611892
37611617
37611575
37611486
37611187
37611039
37610972
37610906
37610815
37610808
37610799
37610777
37610746
37610739
37610455
37610147
37609907
37609632
37609629
37609602
37609456
37609329
37609195
37609022
37608987
37608959
37608900
37608852
37608832
37608804
37608698
37608302
37608214
37608206
37608092
37608050
37608005
37607929
37607805
37607794
37607667
37607642
37607462
33232028
32644689
37607335
37607159
37607158
37607148
37607070
37606976
37606922
37606868
37606726
37606664
37606663
37606658
37606627
37606608
37606602
37606571
37606436
37606000
37605997
37605947
37605875
37605683
37605656
37605649
37605022
37604982
37604973
37604560
37604328
37604249
37604165
37604111
37604019
37603940
37603843
37603577
37603539
37603536
37603476
37603120
37602888
37602873
37602841
37602755
37602538
37602264
37602253
37602228
37602224
37602223
37602219
37602217
37602213
37602211
37602208
37602149
37602076
37602056
37601890
37601789
37601775
37601740
37601695
37601672
37601525
37601325
37601226
37601065
37601049
37601037
37600977
37600905
37600845
37600751
37600553
37600445
37600389
37600061
37600054
37599888
37599816
37599773
37599512
37599464
37599422
37599349
37599145
37598966
37598916
37598786
37598784
37598727
37598482
37598221
37598151
37598149
37598013
37598005
37597765
37597705
37597684
37597659
37597530
37597454
37597280
37596885
37596573
37596521
37596459
37596401
37596384
37596311
37596194
37596160
37596138
37595933
37595864
37595684
37595574
37595374
37595254
37595113
37594900
37594867
37594793
37594791
37594786
37594639
37594602
37594552
37594523
37594302
37593809
37593710
37593648
37593636
37593611
37593604
37593450
37593442
37593414
37593404
37593391
37593374
37593136
37593097
37593011
37592849
37592761
37592751
37592451
37592224
37592148
37592105
37592060
37592004
37591915
37591707
37591704
37591676
37591675
37591641
37591589
37591410
37591299
37591134
37591023
37590491
37590215
37590034
37589980
37589944
37589780
37589728
37589698
37589583
37589444
37589377
37589244
37589153
37589052
37589011
37588797
37588795
37588694
37588666
37588603
37588443
37588312
37588176
37587993
37587979
37587910
37587871
37587767
37587465
37587192
37587103
37586959
37586608
37586585
37586550
37586309
37586146
37585876
37585700
37585662
37585615
37585609
37585566
37585383
37585348
37585269
37584811
37584774
37584765
37584757
37584742
37584720
37584682
37584559
37584518
37584349
37584286
37584170
37583965
37583927
37583471
37583230
37582936
37582844
37582816
37582656
37582436
37582347
37582263
37582246
37582086
37582068
37582044
37581920
37581894
37581746
37581714
37581656
37581570
37581350
37581055
37580852
37580849
37580823
37580713
37580578
37580565
37580483
37580410
37580409
37580336
37580175
37580042
37579961
37579914
37579885
37579574
37579545
37579425
37579212
37579178
37579171
37579152
37579149
37578966
37578934
37578849
37578836
37578830
37578819
37578479
37578427
37578167
37578162
37577987
37577737
37577593
37577564
37577233
37577138
37576885
37576799
37576595
37576502
37576493
37576318
37576295
37576290
37576285
37576115
37576090
37575940
37575906
37575874
37575855
37575822
37575741
37575608
37575498
37575427
37575380
37575371
37575311
37575207
37575206
37575099
37575020
37574841
37574654
37574384
37574146
37574121
37574105
37574094
37573803
37573641
37573636
37573562
37573551
37573521
37573446
37573410
37573231
37572958
37572825
37572764
37572695
37572594
37572575
37572556
37572514
37572443
37572359
37572190
37572188
37572172
37572098
37572002
37571983
37571793
37571747
37571743
37571741
37571732
37571726
37571722
37571721
37571718
37571710
37571692
37571682
37571678
37571633
37571628
37571620
37571606
37571603
37571576
37571550
37571540
37571532
37571509
37571498
37571494
37571493
37571485
37571475
37571451
37571448
37571426
37570976
37570812
37570439
37570410
37570387
37570279
37570213
37570085
37570034
37570005
37569999
37569714
37569245
37569150
37569080
37569079
37569065
37569062
37569039
37568980
37568955
37568946
37568945
37568913
37568910
37568890
37568875
37568809
37568797
37568729
37568655
37568624
37568606
37568599
37568545
37568535
37568502
37568397
37568363
37568293
37568212
37568183
37568134
37568103
37567981
37567976
37567905
37567858
37567827
37567505
37567487
37567348
37567228
37567040
37566820
37566815
37566574
37566537
37566465
37566457
37566454
37566331
37566272
37566267
37566266
37566198
37566133
37565946
37565836
37565625
37565559
37565252
37565219
37565126
37565067
37565051
37565044
37564798
37564794
37564726
37564593
37564553
37564525
37564519
37564518
37564506
37564474
37564384
37564247
37564246
37564164
37564041
37564037
37563912
37563894
37563851
37563824
37563691
37563659
37563606
37563337
37562946
37562907
37562802
37562657
37562550
37562397
37562396
37562395
37562317
37562230
37562193
37562159
37562123
37562022
37561865
37561732
37561535
37561484
37561482
37561315
37561110
37560997
37560946
37560904
37560879
37560778
37560680
37560584
37560456
37560450
37560445
37560257
37560249
37560207
37560127
37560105
37560093
37560011
37559851
37559828
37559826
37559656
37559539
37559451
37559062
37558927
37558926
37558826
37558674
37558448
37558406
37558245
37558197
37558186
37557116
37557111
37556977
37556764
37556451
37556434
37556198
37556194
37556056
37556028
37555649
37555427
37555317
37555316
37555251
37555245
37555230
37555142
37555012
37554838
37554833
37554817
37554794
37554627
37554261
37554139
37553891
37553814
37553556
37553555
37553552
37553537
37553460
37553439
37553283
37553205
37553193
37553129
37553128
37553127
37553126
37553119
37553098
37552696
37552648
37552629
37552590
37552526
37552482
37552450
37552436
37552427
37552340
37552265
37552255
37552222
37552170
37552011
37551703
37551576
37551554
37551071
37550916
37550904
37550893
37550878
37550811
37550799
37550531
37550494
37550449
37550366
37550355
37549965
37549788
37549701
37549613
37549556
37549499
37549498
37549345
37549337
37549301
37549275
37549174
37549083
37548997
37548971
37548970
37548953
37548817
37548758
37548585
37548371
37548332
37548229
37547898
37547892
37547860
37547731
37547662
37547605
37547540
37547406
37547395
37547313
37547280
37547230
37547106
37547101
37547034
37546907
37546729
37546535
37546532
37546423
37546407
37546399
37546190
37546142
37546140
37545845
37545768
37545750
37545633
37545571
37545566
37545428
37545333
37545289
37545287
37545138
37544955
37544941
37544841
37544801
37544773
37544664
37544619
37544516
37544088
37543992
37543969
37543686
37543555
37543539
37543022
37542917
37542759
37542714
37542651
37542634
37542568
37542208
37542200
37542098
37541946
37541903
37541814
37541766
37541739
37541485
37541407
37541274
37541180
37541100
37541081
37540930
37540920
37540795
37540738
37540590
37540551
37540548
37540543
37540463
37540325
37540301
37540292
37540253
37540015
37539987
37539849
37539775
37539741
37539732
37539438
37539380
37539346
37539292
37539119
37538905
37538881
37538872
37538725
37538723
37538717
37538714
37538691
37538673
37538665
37538658
37538654
37538653
37538626
37538625
37538589
37538579
37538575
37538571
37538228
37538187
37538161
37538159
37538153
37538145
37538144
37538140
37538112
37538063
37538032
37538021
37537419
37537126
37536895
37536824
37536678
37536635
37536528
37536319
37536067
37535989
37535875
37535819
37535668
37535638
37535564
37535507
37535503
37535416
37535413
37535363
37535181
37535043
37534974
37534916
37534870
37534867
37534650
37534629
37534468
37534388
37534101
37534000
37533956
37533539
37533426
37533330
37532988
37532903
37532902
37532811
37532773
37532726
37532633
37532613
37532603
37532601
37532584
37532500
37532473
37532460
37532369
37532115
37531951
37531386
37531351
37531336
37531187
37531164
37530991
37530914
37530906
37530849
37530721
37530687
37530400
37530278
37530269
37530243
37529990
37529853
37529805
37529789
37529777
37529770
37529760
37529688
37529605
37529543
37529540
37529539
37529520
37529426
37529336
37529208
37528852
37528811
37528607
37528555
37528517
37528462
37528436
37528396
37528247
37528056
37527779
37934838
37934833
37527554
37527411
37527403
37527394
37527322
37527301
37527300
37527295
37527270
37527259
37527207
37527200
37527195
37527113
37527054
37527014
37526993
37526895
37526801
37526545
37526513
37526497
37526467
37526284
37526254
37525821
37525343
37525269
37525175
37525126
37525007
37524952
37524933
37524914
37524764
37524426
37524037
37523616
37523446
37523431
37523125
37523102
37523033
37523010
37523001
37522929
37522624
37522555
37522520
37522495
37522490
37522323
37522291
37522203
37522085
37522048
37521702
37521348
37521317
37521213
37521044
37520967
37520947
37520874
37520766
37520710
37520623
37520622
37520606
37520576
37520500
37519903
37519896
37519887
37519863
37519796
37519791
37519756
37519702
37519679
37519544
37519542
37519497
37519400
37519386
37519351
37519346
37519224
37519201
37519137
37519050
37518931
37518274
37518185
37517980
37517787
37517681
37517600
37517485
37517325
36251839
37517050
37516990
37516770
37516693
37516210
37516087
37516036
37515957
37515935
37515723
37515632
37515597
37515527
37515411
37515314
37515208
37515033
37514970
37514940
37514928
37514907
37514886
37514798
37514767
37514738
37514644
37514596
37514578
37514571
37514557
37514547
37514443
37514102
37513472
37512703
37512678
37512485
37512328
37512110
37512104
37511936
37511852
37511816
37511789
37511684
37511672
37511645
37511642
37511584
37511110
37510980
37510955
37510945
37510869
37510737
37510641
37510509
37510420
37510207
37510195
37510183
37510182
37510174
37510162
37510160
37510154
37510136
37510122
37510099
37510089
37510084
37510077
37510069
37510065
37510044
37509933
37509685
37509681
37509629
37509498
37509379
37509347
37509272
37509214
37509083
37509048
37509003
37508988
37508987
37508935
37508839
37508834
37508824
37508823
37508791
37508746
37508736
37508707
37508616
37508604
37508593
37508580
37508511
37508125
37507655
37507620
37507412
37507275
37507243
37507237
37507042
37506964
37506951
37506622
37506575
37506225
37506183
37506014
37505296
37505245
37505052
37504975
37504824
37504791
37504789
37504788
37504780
37504636
37504611
37504312
37504209
37504197
37504177
37504173
37504166
37504158
37504156
37504116
37504091
37504084
37504060
37504054
37504051
37504036
37503997
37503977
37503973
37503969
37503805
37503802
37503800
37503725
37503685
37503229
37503210
37503019
37502981
37502864
37502495
37502426
37502261
37502224
37502196
37502090
37502085
37502081
37502071
37501529
37501463
37501449
37501448
37501420
37501325
37501303
37501114
37501027
37501017
37500980
37500964
37500821
37500772
37500697
37500661
37500581
37500576
37500305
37500299
37499908
37499880
37499847
37499771
37499766
37499577
37499282
37499224
37498899
37498853
37498763
37498666
37498609
37498390
37498259
37498023
37497916
37497751
37497695
37497644
37497515
37497504
37497487
37497386
37497203
37496997
37496916
37496798
37496739
37496553
37496549
37496534
37496532
37496259
37496118
37495934
37495921
37495885
37495879
37495849
37495634
37495498
37495426
37495383
37495363
37495059
37494894
37494811
37494423
37494327
37494177
37494112
37494085
37494080
37494000
37493985
37493872
37493851
37493845
37493665
37493482
37493402
37493391
37493348
37493324
37493248
37492829
37492680
37492678
37492632
37492388
37492387
37492379
37492377
37492313
37492270
37491990
37491843
37491827
37491564
37491388
37491228
37491192
37491138
37491129
37491086
37490998
37490977
37490915
37490881
37490781
37490711
37490472
37490330
37490302
37490183
37490172
37489991
37489972
37489806
37489717
37489621
37489538
37489471
37489449
37489356
37489153
37488992
37488748
37488621
37488522
37488510
37488468
37488424
37488184
37488100
37488094
37488027
37488026
37487906
37487829
37487685
37487538
37487409
37487397
37487270
37487106
37487037
37486850
37486738
37486607
37486538
37486507
37486498
37486496
37486486
37486477
37486438
37486434
37486359
37486172
37485816
37485703
37485676
37485476
37485358
37485326
37485306
37485283
37485221
37485215
37485160
37484980
37484979
37484978
37484865
37484841
37484787
37484625
37484624
37484621
37484617
37484606
37484534
37484501
37484492
37484489
37484368
37484341
37484325
37484314
37484303
37484195
37484038
37483869
37483660
37483531
37483512
37483342
37483175
37482976
37482767
37482572
37482489
37482451
37482265
37481950
37481831
29630268
37988551
37988537
37988527
37988507
37988495
37481541
37481524
37481382
37481344
37481325
37481083
37481052
37480939
37480907
37480904
37480808
37480771
37480715
37480587
37480547
37480491
37480435
37480192
37480170
37480036
37480007
37479996
37479874
37479647
37479540
37479375
37479140
37479053
37478680
37478635
37478568
37478371
37478224
37477969
37477946
37477782
37477707
37477677
37477673
37477637
37477432
37477299
37477148
37477085
37476964
37476960
37476504
37476416
37476281
37476256
37476250
37476239
37476238
37476231
37476221
37476203
37476150
37476053
37475907
37475788
37475778
37475737
37475596
37475520
37475361
37475255
37475234
37475157
37475050
37474825
37474615
37474522
37474466
37474391
37474355
37474003
37473825
37473612
37473588
37473555
37473496
37473486
37471671
37471643
37471399
37471381
37471266
37471126
37471007
37470982
37470975
37470973
37470945
37470269
37470136
37469930
37469714
37469704
37469694
37469689
37469661
37469634
37469443
37469394
37469387
37469385
37469380
37469015
37468899
37468696
37468682
37468531
37468377
37468316
37468182
37468046
37468010
37467938
37467926
37467871
37467869
37467860
37467834
37467806
37467653
37467440
37467310
37467202
37467199
37467176
37467088
37466807
37466560
37466292
37466185
37466157
37465958
37465953
37465917
37465809
37465807
37465748
37465419
37465369
37465319
37465301
37465061
37464796
37464581
37464505
37464458
37464420
37464410
37464200
37464183
37464178
37464050
37463867
37463858
37463827
37463773
37463768
37463384
37463361
37463199
37463148
37463057
37463036
37463024
37462967
37462799
37462432
37462242
37462091
37461512
37461421
37461294
37461139
37461083
37460869
37460754
37460753
37460734
37460729
37460724
37460615
37460573
37460429
37460267
37460216
37460164
37460019
37459944
37459906
37459457
37459402
37459329
37459307
37459295
37459289
37459270
37459179
37459122
37458910
37458761
37458631
37458511
37458400
37458376
37458325
37458316
37458273
37458222
37457772
37457747
37457719
37457604
37457581
37457446
37457439
37457389
37457388
37456778
37456655
37456625
37456491
37456464
37456381
37456051
37455938
37455915
37455836
37455833
37455823
37455771
37455770
37455765
37455662
37455599
37455488
37455443
37455107
37454991
37454850
37454764
37454752
37454742
37454693
37454692
37454691
37454690
37454689
37454688
37454687
37454686
37454685
37454684
37454683
37454682
37454681
37454680
37454679
37454557
37454342
37453975
37453696
37453602
37453601
37453451
37453367
37453366
37453362
37453274
37453242
37453081
37453079
37453067
37453044
37452930
37452813
37452729
37452347
37452338
37452215
37452055
37452054
37451913
37451763
37451276
37451235
37451175
37451133
37451095
37451077
37450702
37450700
37450501
37450425
37450330
37450280
37450276
37449804
37449779
37449775
37449757
37449725
37449663
37449222
37449083
37449051
37448921
37448836
37448781
37448736
37448632
37448557
37448542
37448120
37448097
37448086
37448065
37448035
37448027
37448023
37447981
37447976
37447949
37447939
37447930
37447911
37447903
37447895
37447887
37447856
37447849
37447820
37447772
37447763
37447757
37447729
37447723
37447719
37447700
37447663
37447628
37447120
37447089
37446831
37446520
37446241
37446178
37445534
37445503
37445410
37445393
37445291
37445243
37445222
37444745
37444669
37444647
37444584
37444573
37444535
37444522
37444497
37444376
37444068
37444003
37443900
37443899
37443789
37443702
37443700
37443696
37443687
37443670
37443658
37443652
37443636
37443610
37443594
37443592
37443568
37443557
37443555
37443539
37443538
37443536
37443535
37443533
37443528
37443526
37443378
37443373
37443276
37443271
37443269
37443107
37442981
37442679
37442407
37442291
37441734
37441685
37441607
37441561
37441494
37441339
37441239
37441140
37441078
37440929
37440794
37440711
37440662
37440646
37440644
37440636
37440630
37440629
37440620
37440380
37440307
37440294
37440220
37440175
37440030
37439881
37439877
37439822
37439761
37439728
37439516
37439490
37439465
37439275
37439203
37439167
37438586
37438476
37438347
37438164
37438101
37437884
37437703
37437669
37437590
37437569
37437225
37437093
37437021
37436975
37436969
37436867
37436815
37436801
37436504
37436288
37436199
37436183
37436038
37436032
37435995
37435941
37435796
37435633
37435577
37435473
37435285
37435239
37435094
37435015
37434952
37434918
37434733
37434728
37434667
37434376
37434311
37434229
37434174
37434126
37433874
37433852
37433842
37433676
37433672
37433288
37433235
37433141
37433019
37432899
37432814
37432728
37432726
37432381
37432100
37432086
37431972
37431321
37431315
37431270
37431109
37431016
37430956
37430895
37430836
37430806
37430799
37430766
37430762
37430751
37430730
37430725
37430719
37430718
37430716
37430706
37430606
37430604
37430580
37430557
37430539
37430495
37430494
37430345
37430259
37430126
37430125
37430103
37430071
37429950
37429940
37429892
37429808
37429545
37429299
37429132
37428910
37428897
37428824
37428673
37428547
37428540
37428525
37428367
37428360
37428357
37428346
37428337
37428336
37428304
37428275
37428267
37428117
37427954
37427796
37427772
37427675
37427652
37427581
37427464
37427374
37427350
37427304
37427298
37427241
37427151
37427111
37426906
37426831
37426813
37426704
37426622
37426620
37426593
37426592
37426591
37426587
37426542
37426508
37426493
37426402
37426351
37426303
37426284
37426280
37426203
37425854
37425598
37425514
37425486
37425484
37425349
37425325
37425210
37425165
37425090
37424918
37424833
37424725
37424672
37424589
37424578
37424577
37424369
37424120
37423948
37423932
37423607
37423460
37423349
37423347
37423333
37423238
37423188
37423051
37423006
37422975
37422969
37422932
37422854
37422630
37422629
37422545
37422342
37422283
37422221
37421953
37421911
37421715
37421699
37421481
37421448
37421374
37421336
37421059
37421051
37420983
37420932
37420919
37420917
37420914
37420896
37420852
37420845
37420843
37420834
37420825
37420786
37420776
37420765
37420757
37420744
37420735
37420714
37420680
37420630
37420614
37420600
37420582
37420572
37420558
37420545
37420542
37420535
37420461
37420400
37420389
37420280
37420216
37420044
37419965
37419717
37419641
37419600
37419387
37419306
37419065
37418992
37418756
37418746
37418479
37418461
37418053
37418034
37418025
37417927
37417886
37417801
37417532
37417445
37417294
37417005
37416799
37416629
37416623
37416468
37416401
37416399
37416377
37416353
37416301
37416227
37416085
37416082
37416070
37416068
37416056
37415939
37415938
37415920
37415854
37415843
37415798
37415744
37415485
37415390
37415280
37415172
37414860
37414729
37414592
37414368
37414262
37414174
37414033
37413855
37413753
37411043
37410934
37410803
37410747
37410674
37410672
37410645
37410497
37410477
37410474
37410419
37410295
37410051
37410015
37410009
37409882
37409775
37409545
37409436
37409272
37409085
37409082
37409078
37409075
37408931
37408928
37408774
37408750
37408647
37408585
37408330
37408219
37408157
37408098
37408096
37407989
37407899
37407843
37407841
37407823
37407736
37407621
37407364
37407346
37407226
37407065
37407053
37406939
37406873
37406864
37406845
37406826
37406330
37406222
37405831
37405821
37405771
37405624
37405504
37405455
37405337
37405208
37405196
37405133
37404960
37404849
37404783
37404713
37404656
37404412
37404317
37404112
37404073
37404050
37403955
37403891
37403756
37403661
37403365
37403363
37403211
37402910
37402784
37402594
37402241
37402182
37402141
37401999
37401955
37401892
37401587
37401373
37401341
37401324
37401269
37401180
37401020
37400891
37400876
37400854
37400735
37400724
37400574
37400478
37400046
37399955
37399844
37399838
37399779
30422477
37399585
37399509
37399457
37399411
37399360
37399109
37399055
37399053
37399030
37398894
37398823
37398594
37398384
37398329
37398113
37398020
37397861
37397858
37397831
37397659
37397435
37397361
37397344
37397324
37397318
37397286
37397264
37397262
37397176
37397141
37397109
37396896
37396771
37396619
37396608
37396600
37396483
37396440
37396403
37396211
37396140
37396052
37395982
37395839
37395657
37395398
37395383
37395329
37394867
37394789
37394678
37394613
37394309
37394243
37394240
37394223
37394179
37394111
37394089
37394024
37393787
37393742
37393709
37393408
37393330
37393281
37393130
37392983
37392980
37392953
37392423
37392000
37391478
37391464
37391321
37391307
37390881
37390794
37390663
37390578
37390377
37390226
37390116
37389935
37389916
37389908
37389905
37389741
37389659
37389595
37389584
37389458
37389364
37389284
37389271
37389238
37389040
37389019
37389018
37389003
37389001
37388909
37388754
37388747
37388743
37388583
37388382
37388252
37388244
37388166
37387788
37387783
37387736
37387720
37387439
37387424
37387378
37387301
37387193
37387116
37387115
37387113
37387107
37387096
37387095
37387092
37387087
37387081
37387072
37387068
37387067
37387063
37387053
37387042
37387020
37387018
37387017
37387013
37387005
37386993
37386977
37386971
37386945
37386943
37386778
37386745
37386680
37386596
37386097
37385822
37385750
37385702
37385685
37385419
37385344
37385253
37385106
37385097
37384874
37384870
37384816
37384779
37384694
37384625
37384484
37384388
37383968
37383783
37383750
37383745
37383727
37383397
37383350
37383289
37383127
37383118
37383107
37382921
37382920
37382806
37382622
37382615
37382380
37382282
37382002
37381920
37381910
37381841
37381701
37381427
37381289
37381061
37381051
37380915
37380750
37380590
37380569
37380399
37380398
37380276
37380208
37380127
37380057
37379859
37379793
37379395
37379375
37379318
37379069
37379068
37379067
37379060
37378876
37378614
37378467
37378418
37378391
37378322
37378239
37378106
37378099
37378091
37377994
37377859
37377565
37377437
37377359
37377320
37377069
37376978
37375972
37375838
37375805
37374760
37374715
37374608
37374560
37374156
37373951
37373940
37373935
37373880
37373792
37373787
37373717
37373709
37373305
37372922
37372920
37372907
37372905
37372897
37372857
37372822
37372802
37372763
37372762
37372412
37372372
37372241
37372204
37372194
37372104
37372080
37371851
37371727
37371726
37371718
37371706
37371674
37371621
37371475
37371443
37371416
37371337
37371290
37371234
37371223
37371219
37371021
37371007
37371006
37371004
37370993
37370985
37370966
37370956
37370945
37370940
37370936
37370918
37370915
37370903
37370890
37370856
37370847
37370730
37370703
37370680
37370675
37370666
37370653
37370622
37370621
37370601
37370585
37370558
37370321
37370250
37370113
37370076
37370031
37369944
37369908
37369900
37369892
37369833
37369725
37369715
37369699
37369427
37369360
37369176
37369100
37369073
37369008
37368919
37368544
37368543
37368470
37368401
37368125
37368111
37367836
37367528
37367527
37367525
37367524
37367521
37367518
37367515
37367511
37367506
37367504
37367443
37367342
37366997
37366988
37366968
37366850
37366836
37366829
37366813
37366777
37366776
37366774
37366735
37366721
37366452
37365964
37365807
37365659
37365501
37365445
37365408
37365396
37365347
37365305
37365266
37365210
37365165
37365065
37364939
37364938
37364796
37364742
37364561
37364556
37364554
37364550
37364530
37364469
37364398
37364225
37364185
37364096
37364025
37363997
37363993
37363893
37363852
37363844
37363791
37363702
37363524
37363343
37363233
37363182
37363158
37363137
37363107
37363047
37362913
37362900
37362899
37362898
37362886
37362885
37362745
37362744
37362727
37362722
37362712
37362693
37362688
37362659
37362645
37362643
37362597
37362568
37362504
37362303
37362283
37362281
37362274
37362273
37362257
37362230
37362229
37362195
37362133
37362116
37362110
37362087
37362054
37362015
37362011
37361859
37361782
37361743
37361720
37361715
37361711
37361687
37361683
37361610
37361608
37361583
37361565
37361549
37361536
37361511
37361469
37361467
37361458
37361442
37361434
37361242
37361206
37361068
37361066
37360962
37360943
37360930
37360879
37360814
37360781
37360770
37360671
37360627
37360586
37360489
37360426
37360371
37360350
37360316
37360311
37360260
37360182
37360147
37360146
37360144
37360143
37360142
37359968
37359965
37359909
37359832
37359797
37359747
37359745
37359743
37359676
37359642
37359633
37359607
37359588
37359571
37359505
37359434
37359430
37359330
37359323
37359193
37359167
37359150
37358948
37358944
37358942
37358910
37358896
37358890
37358613
37358546
37358325
37358142
37358079
37357977
37357963
37357898
37357896
37357747
37357665
37357403
37357402
37357263
37357251
37357064
37357026
37356800
37356702
37356623
37355776
37355478
37355428
37355382
37355214
37355191
37355156
37355089
37355025
37355020
37354990
37354773
37354769
37354383
37354201
37354171
37354115
37354030
37353911
37353581
37353578
37353531
37353406
37353338
37353282
37353264
37353215
37353146
37353051
37353023
37352995
37352939
37352901
37352805
37352575
37352529
37352473
37352436
37352358
37352213
37352023
37351936
37351927
37351923
37351920
37351837
37351742
37351722
37351658
37351488
37351472
37351373
37351333
37351331
37351112
37350929
37350917
37350914
37350891
37350740
37350313
37350279
37350136
37350108
37350052
37349946
37349791
37349541
37349345
37349190
37349157
37348513
37348439
37347721
37347648
37347589
37347537
37347528
37347514
37347508
37347280
37347256
37347033
37346802
37346682
37346658
37346644
37346642
37346641
37346622
37346620
37346599
37346592
37346587
37346579
37346570
37346569
37346568
37346566
37346565
37346550
37346549
37346539
37346523
37346520
37346514
37346511
37346507
37346468
37346426
37346422
37346421
37346357
37346350
37346315
37346306
37346223
37346099
37346069
37345961
37345910
37345873
37345573
37345548
37345347
37345233
37345172
37345132
37345129
37345106
37345041
37344986
37344729
37344621
37344533
37344485
37344395
37344394
37344174
37343909
37343855
37343766
37343616
37343594
37343585
37343533
37343375
37342888
37342675
37342580
37342496
37342468
37342094
37342054
37341858
37341718
37341668
37341516
37341005
37340871
37340738
37340729
37340665
37340408
37340358
37340248
37339866
37339846
37339842
37339728
37339690
37339175
37339151
37338974
37338864
37338711
37338627
37338558
37338356
37337701
37337610
37337531
37337487
37337480
37337179
37337063
37336693
37336431
37336152
37336139
37336056
37335911
37335851
37335832
37335796
37335795
37335657
37335608
37335593
37335422
37335374
37335338
37335320
37335312
37335231
37335229
37335217
37334905
37334697
37334191
37334036
37334005
37333894
37333860
37333825
37333814
37333431
37333190
37332974
37332963
37332922
37332919
37332784
37332731
37332724
37332481
37332431
37332339
37332101
37332058
37332035
37332004
37331703
37331692
37331687
37331629
37331608
37331571
37331441
37331181
37331151
37331063
37331047
37331024
37330940
37330891
37330542
37330305
37330273
37330270
37330210
37330003
37329982
37329754
37329623
37329621
37329614
37328753
37328516
37328465
37328393
37328321
37327997
37327873
37327613
37327561
37327548
37327255
37327245
37327141
37327133
37326924
37326891
37326789
37326734
37326696
37326640
37326354
37326312
37326263
37326233
37326226
37326222
37326216
37325949
37325761
37325708
37325493
37325188
37325024
37324824
37324819
37324813
37324652
37324632
37324165
37323951
37323876
37323754
37323348
37323219
37323091
37323042
37322986
37322984
37322973
37322942
37322920
37322907
37322819
37322582
37322576
37322498
37322471
37322379
37322088
37322055
37321925
37321875
37321861
37321457
37321334
37321252
37321171
37319270
37319234
37319018
37318857
37318797
37318761
37318732
37318706
37318609
37318535
37318455
37318036
37317975
37317873
37317599
37317597
37317502
37316877
37316425
37316376
37316345
37316337
37316137
37316129
37316101
37316099
37315832
37315499
37315380
37315379
37315216
37315194
37315104
37314934
37314917
37314914
37314900
37314865
37314853
37314848
37314698
37314565
37314469
37314466
37313631
37313576
37313038
37312973
37312954
37312953
37312895
37312681
37312659
37312416
37312214
37312079
37312003
37311965
37311893
37311802
37311398
37311341
37311027
37310969
37310669
37310507
37310335
37310244
37310152
37310054
37309888
37309153
37309039
37309007
37308965
37308323
37308053
37307892
37307891
37307876
37307784
37307647
37307503
37307359
37307218
37307079
37307057
37307038
37306969
37306666
37306555
37306440
37306294
37306152
37306036
37305971
37305947
37305932
37305929
37305928
37305901
37305775
37305764
37305691
37305661
37305657
37305563
37305254
37305146
37305103
37304963
37304653
37304524
37304043
37304014
37304011
37303962
37303941
37303897
37303753
37303635
37303584
37303531
37303480
37303479
37303390
37303347
37303324
37303244
37303098
37302934
37302842
37302691
37302519
37302493
37302431
37301946
37301862
37301435
37301295
37301132
37301051
37300884
37300808
37300636
37300610
37300507
37300483
37300327
37300317
37300076
37300045
37299975
37299964
37299962
37299950
37299937
37299934
37299906
37299901
37299876
37299875
37299826
37299784
37299766
37299760
37299724
37299717
37299659
37298985
37298673
37298060
37298024
37297953
37297949
37297939
37297873
37297757
37297735
37297677
37297624
37297080
37296930
37296896
37296890
37296828
37296821
37296820
37296806
37296794
37296775
37296753
37296738
37296709
37296708
37296703
37296306
37296271
37296270
37296006
37295956
37295954
37295900
37295897
37295822
37295794
37295729
37295589
37295547
37295417
37295163
37294649
37294641
37294610
37294603
37294565
37294282
37294204
37294162
37294147
37293975
37293934
37293823
37293592
37293591
37293353
37293345
37293340
37293238
37293134
37293008
37292955
37292705
37292642
37292569
37292565
37292507
37292481
37292275
37292268
37292186
37291693
37291597
37291528
37291485
37291432
37291383
37291378
37291063
37290843
37290819
37290543
37290518
37290452
37290419
37290363
37289646
37289631
37289599
37289496
37289463
37289461
37289447
37289266
37289235
37289216
37289071
37289041
37288889
37288682
37288643
37288627
37288505
37288491
37288415
37288257
37288160
37288152
37287800
37287772
37287741
37287508
37287484
37287309
37287308
37287304
37287036
37286904
37286901
37286649
37286559
37286451
37286376
37286323
37286217
37286203
37285991
37285765
37285715
37285695
37285659
37285592
37285361
37285160
37285142
37285037
37285018
37284995
37284994
37284926
37284773
37284722
37284288
37284149
37284122
37284095
37284081
37284069
37284059
37284052
37284031
37283979
37283851
37283773
37283444
37283435
37283211
37283107
37283008
37282856
37282643
37282580
37282550
37280756
37280755
37280374
37280224
37279884
37279825
37279532
37279369
37279303
37279258
37279222
37279168
37279048
37278961
37278924
37278870
37278844
37278627
37278581
37278496
37278238
37278203
37277693
37277660
37277429
37277270
37277162
37277156
37277096
37276949
37276948
37276944
37276939
37276884
37276464
37276437
37276372
37276109
37276106
37276096
37275697
37275558
37275552
37275534
37275498
37275345
37275303
37275239
37275092
37274812
37274803
37274787
37274777
37274764
37274561
37274456
37274444
37274428
37274420
37274367
37274341
37274340
37274299
37274276
37274142
37274099
37274071
37274061
37273970
37273962
37273914
37273880
37273455
37273417
37273257
37273232
37273116
37273063
37272800
37272743
37272686
37272488
37272471
37272376
37271999
37271997
37271996
37271995
37271993
37271958
37271878
37271702
37271668
37271636
37271479
37271208
37271179
37271178
37271177
37271176
37271175
37271174
37271173
37271171
37271170
37271169
37271113
37271058
37271046
37271011
37270750
37270630
37270488
37270321
37270174
37269872
37269797
37269717
37269658
31613434
37269510
37269292
37269032
37268876
37268840
37268686
37268685
37268665
37268643
37268540
37267994
37267764
37267735
37267448
37267310
37267125
37266983
37266780
37266721
37266657
37266287
37266285
37266275
37266269
37266261
37266243
37266221
37266053
37266039
37265899
37265897
37265877
37265870
37265864
37265860
37265859
37265858
37265676
37264946
37264670
37264667
37264555
37264548
37264399
37264374
37264138
37263824
37263773
37263772
37263482
37263406
37263286
37263180
37263150
37262969
37262118
37262026
37261994
37261977
37261895
37261894
37261653
37261631
37261453
37261427
37261331
37261324
37261305
37261164
37260834
37260284
37260239
37259578
37259400
37259154
37259031
37258923
37258868
37258779
37258679
37258667
37258643
37258642
37258624
37258345
37258324
37258192
37258183
37258181
37258078
37257979
37257921
37257860
37257824
37257586
37257484
37257479
37257440
37257433
37257309
37257277
37257257
37257235
37257106
37256712
37256685
37256669
37256663
37256656
37256649
37256523
37256318
37256297
37256085
37255750
37255688
37255661
37255600
37255561
37255522
37255521
37255408
37255172
37255109
37255051
37254946
37254574
37254052
37253960
37253957
37253868
37253772
37253759
37253690
37253615
37253525
37253381
37253303
37252971
37252763
37252674
37252576
37252270
37252262
37252130
37252011
37251934
37251872
37251818
37251632
37251492
37251452
37251121
37251117
37250832
37250759
37250672
37250654
37250646
37250635
37250560
37250527
37250452
37250201
37250200
37250167
37249902
37249836
37249731
37249372
37249252
37248940
37248673
37248403
37248379
37248158
37248139
37248100
37247984
37247846
37247798
37247684
37247214
37247113
37246832
37246811
37246728
37246580
37246466
37246377
37246245
37246236
37246060
37246053
37245886
37245883
37245882
37245871
37245794
37245565
37245550
37245478
37245342
37245324
37245194
37245184
37244974
37244963
37244960
37244652
37244628
37244611
37244560
37244513
37244307
37244066
37244059
37243994
37243986
37243852
37243520
37243373
37242103
37242000
37241731
37241666
37241596
37241577
37241521
37241224
37241189
37241092
37241062
37241032
37241022
37241019
37240916
37240887
37240775
37240643
37240642
37240552
37240489
37239794
37239766
37239739
37239709
37239678
37239612
37239607
37239580
37239537
37239464
37239309
37239276
37238727
37238556
37238549
37238518
37238465
37238387
37238304
37238299
37238284
37238283
37238264
37238256
37238243
37238239
37238236
37238232
37238227
37238206
37238200
37238193
37238184
37238179
37238177
37238169
37237685
37237683
37237679
37237673
37237657
37237652
37237644
37237618
37237603
37237601
37237581
37237452
37237394
37237246
37237212
37237022
37236873
37236842
37236811
37236581
37236525
37236475
37236418
37236288
37235970
37235822
37235627
37235466
37235403
37235313
37235291
37235175
37234992
37234975
37234887
37234845
37234686
37234621
37234618
37234613
37234603
37234274
37234033
37234029
37233665
37233647
37233344
37233341
37233333
37233329
37233328
37233315
37233314
37233169
37233004
37232799
37232776
37232668
37232643
37232579
37232537
37232451
37232359
37232301
37232192
37231727
37231471
37231444
37231330
37231280
37231229
37231205
37231033
37230652
37230620
37230490
37230300
37229939
37229893
37229842
37229835
37229683
37229679
37229673
37229610
37229549
37229407
37229176
37228977
37228832
37228700
37228699
37228698
37228697
37228513
37228509
37228488
37228439
37228387
37228356
37228317
37228164
37227901
37227761
37227610
37227179
37226978
37226790
37226495
37226190
37226114
37226068
37225755
37225743
37225728
37225599
37225478
37225398
37224994
37224643
37224516
37224506
37224471
37224359
37224277
37224229
37224102
37223987
37223774
37223654
37223547
37223340
37223325
37222932
37222839
37222830
37222771
37222645
37222620
37222619
37222312
37222111
37222085
37222027
37221648
37221528
37221364
37221168
37221135
37221054
37220706
37220702
37220560
37220282
37220190
37220057
37220033
37220032
37219882
37219770
37219619
37219618
37219445
37219444
37219131
37219126
37219059
37218939
37218935
37218884
37218796
37218772
37218641
37218619
37218530
37218453
37218368
37218191
37218073
37218054
37217998
37217926
37217907
37217779
37217770
37217764
37217656
37217502
37217426
37217414
37217377
37217357
37217331
37217293
37217266
37217249
37217092
37217091
37217044
37217028
37216895
37216775
37216736
37216669
37216540
37216446
37216358
37216128
37215889
37215736
37215724
37215722
37215689
37215661
37215367
37215336
37215249
37215232
37215115
37215077
37215064
37215063
37214544
37214539
37214429
37214195
37214025
37213546
37213495
37213395
37213385
37213321
37213280
37213273
37213271
37212953
37212770
37212543
37212372
37212112
37211981
37211970
37211852
37211725
37211720
37211610
37211564
37211551
37211543
37211455
37211292
37211242
37211215
37211187
37211068
37211065
37211063
37211062
37211061
37210533
37210466
37210155
37210136
37210064
37209962
37209933
37209897
37209880
37209806
37209793
37209791
37209769
37209640
37209578
37209408
37209183
37209126
37209125
37208926
37208863
37208850
37208717
37208715
37208644
37208546
37208451
37208368
37208283
37208107
37207406
37207379
37207359
37207358
37207294
37207238
37207237
37207220
37207099
37207034
37206999
37206966
37206697
37206636
37206315
37205713
37205683
37205413
37205356
37205309
37205063
37205054
37204591
37204548
37204545
37204317
37204195
37203777
37203776
37203750
37203743
37203728
37203725
37203710
37203706
37203680
37203678
37203677
37203660
37203642
37203632
37203618
37203575
37203554
37203547
37203538
37203533
37203524
37203431
37203260
37203125
37203122
37203049
37203030
37202805
37202644
37202642
37202598
37202591
37202436
37202359
37202336
37202263
37202144
37201964
37201835
37201685
37201309
37200961
37200923
37200521
37200376
37200318
37200173
37200144
37200116
37200084
37200074
37199837
37199794
37199791
37199779
37199464
37199146
37199118
37199000
37198498
37198496
37198215
37198040
37197944
37197910
37197611
37197592
37197521
37197415
37197258
37197256
37197135
37197011
37196894
37196818
37196763
37196732
37196482
37196436
37196431
37195925
37195845
37195831
37195756
37195694
37195483
37195305
37195174
37195106
37195030
37194940
37194308
37194240
37194190
37194027
37193993
37193931
37193656
37193618
37193608
37193607
37193405
37193334
37193316
37192940
37192839
37192797
37192730
37192722
37192698
37192206
37192186
37192115
37192044
37192043
37192031
37191993
37191988
37191957
37191776
37191734
37191485
37191484
37191072
37190871
37190737
37190690
37190676
37190655
37190648
37190647
37190554
37190520
37190450
37190449
37190427
37190363
37190359
37190328
37190228
37190175
37190122
37190006
37189967
37189930
37189870
37189756
37189659
37189607
37189606
37189603
37189600
37189591
37189587
37189586
37189546
37189498
37189489
37189485
37189476
37189164
37189155
37189014
37188881
37188831
37188409
37188356
37188203
37188192
37188190
37188170
37188092
37188078
37187909
37187643
37187629
37187617
37187577
37187563
37187321
37187287
37187221
37187174
37187158
37187074
37186897
37186567
37186561
37186466
37186400
37186359
37186060
37185992
37185608
37185583
37185544
37185447
37184999
37184927
37184897
37184779
37184731
37184500
37183932
37183840
37183718
37183686
37183479
37183438
37183400
37183388
37183163
37183076
37183054
37182840
37182666
37182403
37182397
37182376
37182200
37182116
37182066
37182055
37182053
37181977
37181882
37181799
37181704
37181697
37181486
37181370
37181358
37180909
37180861
37179937
37179911
37179889
37179870
37179745
37179699
37179635
37179570
37179524
37179470
37179277
37179225
37178998
37178996
37178923
37178772
37178209
37178202
37178197
37178106
37178071
37177983
37177764
37177696
37177616
37177579
37177574
37177570
37177563
37177549
37177531
37177497
37177474
37177404
37177403
37177391
37177386
37177382
37177358
37177342
37176910
37176857
37176738
37176706
37176649
37176518
37176499
37176491
37176489
37175549
37175454
37175421
37175054
37175053
37175048
37175031
37175030
37175017
37175014
37175012
37175011
37175000
37174975
37174962
37174954
37174950
37174945
37174943
37174942
37174840
37174828
37174810
37174746
37174644
37174600
37174483
37174380
37174145
37174121
37174039
37174012
37173958
37173930
37173912
37173910
37173897
37173876
37173776
37173635
37173511
37173156
37173125
37173087
37172946
37172888
37172700
37172264
37172214
37172177
37172164
37172155
37172147
37172106
37171766
37171740
37171531
37171491
37171403
37171372
37171364
37171139
37171032
37170972
37170487
37170280
37170143
37169791
37169649
37169532
37169486
37169463
37169078
37169009
37169003
37168789
37168772
37168427
37168339
37168211
37168166
37168039
37167980
37167847
37167806
37167685
37167542
37167473
37167453
37167315
37167016
37166869
37166816
37166617
37166519
37166512
37166436
37166280
37166015
37165972
37165961
37165761
37165648
37165637
37165477
37165474
37165409
37165346
37165151
37164773
37164650
37164489
37164481
37164480
37164459
37164319
37164089
20301331
37163644
37163608
37163532
37163445
37163345
37163297
37163210
37163064
37162966
37162870
37162695
37162531
37162442
37162073
37161929
37161878
37161553
37161503
37161395
37161367
37161245
37161241
37161162
37161128
37161114
37160979
37160554
37160520
37160507
37160501
37160478
37160454
37160426
37160371
37160147
37159812
37159696
37159610
37159483
37159403
37158429
37158388
37158147
37158073
37158052
37157833
37157631
37157608
37156936
37156924
37156854
37156788
37156293
37156169
37155982
37155767
37155741
37155651
37155550
37155462
37155403
37155025
37155000
37154944
37154872
37154871
37154861
37154611
37154593
37154115
37154107
37153930
37153862
37153810
37153672
37153663
37153534
37153533
37153469
37153404
37153208
37153088
37153082
37152975
37152895
37152810
37152808
37152695
37152658
37152621
37152605
37152469
37152425
37152399
37152298
37152273
37152238
37152228
37152078
37151895
37151736
37151724
37151708
37151666
37151627
37151550
37151380
37151339
37150781
37150779
37150757
37150687
37150686
37150463
37150397
37150331
37150088
33760489
37149920
37149834
37149408
37149110
37148953
37148833
37148670
37148510
37148356
37148260
37148164
37147615
37147566
37147422
37147413
37147384
37147180
37147078
37146963
37146601
37146539
37146413
37146391
37146265
37146253
37146216
37146199
37146178
37146015
37145858
37145833
37145230
37145177
37145173
37144971
37144952
37144908
37144534
37144491
37144379
37144061
37143957
37143854
37143631
37143590
37143329
37143227
37143191
37143048
37143042
37142815
37142775
37142714
37142591
37142479
37142345
37142327
37142194
37142171
37141938
37141901
37141863
37141685
37141554
37141150
37141141
37141103
37141078
37140973
37140902
37140603
37140481
37140448
37140229
37140228
37140223
37140054
37140001
37139771
37139570
37139562
37139530
37139342
37139331
37139177
37139150
37139055
37138946
37138891
37138577
37138199
37138177
37137814
37137770
37137194